0.0 0.000000 0.000000 0.000000 0.000000 0.000000 0.000000 1.000000
0.1 0.552214 -0.002179 0.038922 -0.000078 -0.000137 -0.002633 0.999997
0.2 1.107274 -0.014666 0.073503 0.000179 -0.000448 -0.005168 0.999987
0.3 1.107274 -0.014666 0.073503 0.000179 -0.000448 -0.005168 0.999987
0.4 1.656282 -0.033329 0.106909 0.000593 -0.000757 -0.007808 0.999969
0.5 2.197282 -0.053911 0.143503 0.000939 -0.000663 -0.010608 0.999943
0.6 2.754839 -0.070350 0.179534 0.001158 -0.000354 -0.013511 0.999908
0.7 3.304572 -0.096635 0.221487 0.001617 -0.000052 -0.015906 0.999872
0.8 3.861345 -0.124852 0.263849 0.002166 0.000007 -0.018361 0.999829
0.9 4.419495 -0.160147 0.305252 0.002577 0.000202 -0.020697 0.999782
1.0 4.977607 -0.193587 0.344458 0.002768 0.000368 -0.022972 0.999732
1.1 5.538381 -0.223886 0.380112 0.003276 0.000137 -0.025656 0.999665
1.2 6.090024 -0.262919 0.418839 0.003631 0.000088 -0.028147 0.999597
1.3 6.642233 -0.306289 0.452261 0.003699 0.000138 -0.030479 0.999529
1.4 6.642233 -0.306289 0.452261 0.003699 0.000138 -0.030479 0.999529
1.5 7.190983 -0.347624 0.490280 0.004294 0.000444 -0.032970 0.999447
1.6 7.748108 -0.389632 0.528075 0.004493 0.000697 -0.035351 0.999365
1.7 8.312620 -0.425754 0.566163 0.004701 0.000960 -0.037574 0.999282
1.8 8.878483 -0.470169 0.603172 0.004771 0.000852 -0.039533 0.999206
1.9 9.438226 -0.522955 0.640443 0.004462 0.000592 -0.041267 0.999138
2.0 9.438226 -0.522955 0.640443 0.004462 0.000592 -0.041267 0.999138
2.1 9.999003 -0.576976 0.675796 0.003967 0.000023 -0.042956 0.999069
2.2 10.558016 -0.632282 0.714503 0.003393 -0.000201 -0.044212 0.999016
2.3 11.109765 -0.693706 0.753806 0.003254 -0.000237 -0.045590 0.998955
2.4 11.666053 -0.752983 0.792619 0.002925 -0.000071 -0.046571 0.998911
2.5 12.226771 -0.809236 0.828268 0.002477 0.000112 -0.047473 0.998869
2.6 12.226771 -0.809236 0.828268 0.002477 0.000112 -0.047473 0.998869
2.7 12.776702 -0.869640 0.862084 0.001439 0.000371 -0.048179 0.998838
2.8 13.340044 -0.931729 0.903265 0.000833 0.000744 -0.048633 0.998816
2.9 13.901230 -0.991603 0.941001 -0.000316 0.000625 -0.049197 0.998789
3.0 14.476258 -1.039870 0.981859 -0.000943 0.000720 -0.049854 0.998756
3.1 15.042647 -1.098728 1.020841 -0.001470 0.000597 -0.050008 0.998748
3.2 15.042647 -1.098728 1.020841 -0.001470 0.000597 -0.050008 0.998748
3.3 15.610314 -1.159469 1.056581 -0.002371 0.000657 -0.050205 0.998736
3.4 16.177023 -1.214969 1.093632 -0.003318 0.000888 -0.050528 0.998717
3.5 16.738946 -1.271048 1.130469 -0.003653 0.001118 -0.050840 0.998700
3.6 17.303632 -1.323359 1.167818 -0.004127 0.001268 -0.051238 0.998677
3.7 17.879227 -1.380793 1.213049 -0.004824 0.001724 -0.051604 0.998654
3.8 17.879227 -1.380793 1.213049 -0.004824 0.001724 -0.051604 0.998654
3.9 18.440457 -1.442213 1.249173 -0.005020 0.001799 -0.052115 0.998627
4.0 18.440457 -1.442213 1.249173 -0.005020 0.001799 -0.052115 0.998627
4.1 18.999543 -1.513894 1.285200 -0.004938 0.001988 -0.052275 0.998619
4.2 19.565490 -1.578278 1.322294 -0.004922 0.002472 -0.052551 0.998603
4.3 19.565490 -1.578278 1.322294 -0.004922 0.002472 -0.052551 0.998603
4.4 20.125481 -1.636568 1.357561 -0.005093 0.002879 -0.052978 0.998579
4.5 20.686883 -1.702241 1.392412 -0.005046 0.003307 -0.053350 0.998558
4.6 21.252525 -1.757492 1.428648 -0.005013 0.002932 -0.053813 0.998534
4.7 21.805371 -1.826182 1.463327 -0.004975 0.002804 -0.054168 0.998515
4.8 22.359333 -1.900234 1.496844 -0.005258 0.002536 -0.054480 0.998498
4.9 22.921527 -1.966221 1.531376 -0.004967 0.001850 -0.054669 0.998490
5.0 22.921527 -1.966221 1.531376 -0.004967 0.001850 -0.054669 0.998490
5.1 23.473957 -2.028219 1.572503 -0.004579 0.001222 -0.055301 0.998458
5.2 24.571046 -2.148197 1.657196 -0.003748 0.000103 -0.055859 0.998432
5.3 25.123386 -2.211765 1.691685 -0.003162 -0.000668 -0.056083 0.998421
5.4 25.668292 -2.272518 1.728568 -0.003727 -0.001097 -0.056155 0.998414
5.5 25.668292 -2.272518 1.728568 -0.003727 -0.001097 -0.056155 0.998414
5.6 26.213503 -2.335961 1.763434 -0.003328 -0.001401 -0.056095 0.998419
5.7 26.761707 -2.399422 1.804582 -0.003167 -0.001337 -0.056054 0.998422
5.8 27.302286 -2.461392 1.843731 -0.002718 -0.001087 -0.056126 0.998419
5.9 27.845203 -2.532022 1.886813 -0.002891 -0.000424 -0.055928 0.998431
6.0 28.380269 -2.604485 1.926837 -0.002544 -0.000085 -0.055897 0.998433
6.1 28.905866 -2.670875 1.963382 -0.002734 -0.000021 -0.056079 0.998423
6.2 28.905866 -2.670875 1.963382 -0.002734 -0.000021 -0.056079 0.998423
6.3 29.443664 -2.737448 1.999700 -0.002636 0.000118 -0.056008 0.998427
6.4 29.970682 -2.795933 2.035408 -0.002731 -0.000176 -0.056247 0.998413
6.5 30.501944 -2.855564 2.074229 -0.003224 -0.000446 -0.056108 0.998419
6.6 31.026491 -2.915261 2.110945 -0.003608 -0.001198 -0.056205 0.998412
6.7 31.026491 -2.915261 2.110945 -0.003608 -0.001198 -0.056205 0.998412
6.8 31.551186 -2.974734 2.158295 -0.003868 -0.001386 -0.056304 0.998405
6.9 31.551186 -2.974734 2.158295 -0.003868 -0.001386 -0.056304 0.998405
7.0 32.069878 -3.032320 2.197648 -0.004268 -0.001991 -0.056293 0.998403
7.1 32.589729 -3.085191 2.234863 -0.004071 -0.002125 -0.056322 0.998402
7.2 33.099929 -3.141488 2.268449 -0.003855 -0.001983 -0.056491 0.998394
7.3 33.607726 -3.202995 2.303066 -0.003948 -0.001638 -0.056588 0.998388
7.4 33.607726 -3.202995 2.303066 -0.003948 -0.001638 -0.056588 0.998388
7.5 34.113017 -3.262036 2.335269 -0.003186 -0.001311 -0.056392 0.998403
7.6 34.621916 -3.322542 2.370141 -0.002798 -0.001000 -0.056236 0.998413
7.7 35.119581 -3.379771 2.408218 -0.002775 -0.000752 -0.056087 0.998422
7.8 35.615123 -3.441684 2.444147 -0.003002 -0.001368 -0.055713 0.998441
7.9 36.118588 -3.493719 2.480705 -0.003285 -0.002189 -0.055331 0.998460
8.0 36.118588 -3.493719 2.480705 -0.003285 -0.002189 -0.055331 0.998460
8.1 36.625251 -3.554944 2.522256 -0.003342 -0.002759 -0.054578 0.998500
8.2 37.134204 -3.617558 2.565263 -0.002762 -0.003046 -0.053962 0.998535
8.3 37.637445 -3.674984 2.603953 -0.002706 -0.003057 -0.053505 0.998559
8.4 38.143287 -3.723935 2.639209 -0.002812 -0.002658 -0.053293 0.998571
8.5 38.649463 -3.776738 2.675085 -0.002699 -0.002597 -0.052927 0.998591
8.6 38.649463 -3.776738 2.675085 -0.002699 -0.002597 -0.052927 0.998591
8.7 39.153636 -3.821138 2.712334 -0.003433 -0.002256 -0.052661 0.998604
8.8 39.656131 -3.873416 2.748632 -0.003080 -0.002121 -0.052105 0.998635
8.9 40.157508 -3.935791 2.780032 -0.003133 -0.002237 -0.051855 0.998647
9.0 40.654971 -3.989684 2.815825 -0.003256 -0.002452 -0.051594 0.998660
9.1 41.154762 -4.047461 2.853217 -0.002997 -0.002835 -0.051432 0.998668
9.2 41.154762 -4.047461 2.853217 -0.002997 -0.002835 -0.051432 0.998668
9.3 41.642732 -4.100609 2.895799 -0.002874 -0.003208 -0.051332 0.998672
9.4 42.114554 -4.157262 2.938125 -0.002333 -0.003906 -0.051151 0.998681
9.5 42.589080 -4.214118 2.974863 -0.001326 -0.004783 -0.050932 0.998690
9.6 43.058068 -4.271736 3.010786 -0.001414 -0.005391 -0.050818 0.998692
9.7 43.521396 -4.314098 3.048276 -0.001470 -0.005331 -0.050893 0.998689
9.8 43.977499 -4.361636 3.083921 -0.002133 -0.004575 -0.050881 0.998692
9.9 44.427248 -4.412951 3.117977 -0.001514 -0.004157 -0.050768 0.998701
10.0 44.880707 -4.457046 3.153948 -0.000919 -0.004057 -0.050719 0.998704
10.1 45.337551 -4.505395 3.190540 -0.000539 -0.004401 -0.050636 0.998707
10.2 45.797909 -4.553470 3.228224 -0.000887 -0.004778 -0.050524 0.998711
10.3 45.797909 -4.553470 3.228224 -0.000887 -0.004778 -0.050524 0.998711
10.4 46.241274 -4.599430 3.264763 -0.000892 -0.005386 -0.050307 0.998719
10.5 46.680299 -4.654738 3.304878 -0.000076 -0.006177 -0.050401 0.998710
10.6 46.680299 -4.654738 3.304878 -0.000076 -0.006177 -0.050401 0.998710
10.7 47.116491 -4.701073 3.353270 -0.000262 -0.006510 -0.050116 0.998722
10.8 47.551542 -4.742385 3.389178 -0.000087 -0.007271 -0.049963 0.998725
10.9 47.989899 -4.786318 3.415993 -0.000246 -0.007633 -0.049876 0.998726
11.0 47.989899 -4.786318 3.415993 -0.000246 -0.007633 -0.049876 0.998726
11.1 48.423635 -4.827877 3.447979 -0.000712 -0.007419 -0.049739 0.998734
11.2 48.854309 -4.877033 3.479926 -0.001895 -0.007591 -0.049691 0.998734
11.3 49.289198 -4.925266 3.515527 -0.003163 -0.007355 -0.049604 0.998737
11.4 49.721179 -4.977881 3.551160 -0.002961 -0.007028 -0.049393 0.998750
11.5 50.156904 -5.024874 3.591138 -0.001451 -0.006495 -0.049287 0.998762
11.6 50.156904 -5.024874 3.591138 -0.001451 -0.006495 -0.049287 0.998762
11.7 50.587149 -5.070692 3.624531 -0.000364 -0.006278 -0.049316 0.998763
11.8 51.017793 -5.109486 3.668970 -0.000342 -0.006734 -0.049558 0.998748
11.9 51.443888 -5.154604 3.711500 -0.001414 -0.008468 -0.049652 0.998730
12.0 51.863749 -5.196209 3.748878 -0.003273 -0.011486 -0.049991 0.998678
12.1 52.282994 -5.242841 3.782852 -0.004343 -0.015797 -0.049989 0.998615
12.2 52.699192 -5.281654 3.815849 -0.003957 -0.020490 -0.049836 0.998539
12.3 52.699192 -5.281654 3.815849 -0.003957 -0.020490 -0.049836 0.998539
12.4 53.116459 -5.322000 3.851070 -0.003455 -0.024290 -0.049864 0.998455
12.5 53.542104 -5.362353 3.875714 -0.003086 -0.026833 -0.049837 0.998392
12.6 53.963367 -5.397613 3.896237 -0.001447 -0.026730 -0.050004 0.998390
12.7 53.963367 -5.397613 3.896237 -0.001447 -0.026730 -0.050004 0.998390
12.8 54.399827 -5.441898 3.954296 -0.001421 -0.022505 -0.050173 0.998486
12.9 54.833906 -5.482602 4.030345 -0.001965 -0.014777 -0.050417 0.998617
13.0 55.272833 -5.521727 4.095680 -0.001859 -0.005871 -0.050471 0.998707
13.1 55.714562 -5.567265 4.134873 -0.003405 0.001025 -0.050289 0.998728
13.2 56.161420 -5.624917 4.168841 -0.003573 0.005830 -0.050127 0.998719
13.3 56.607408 -5.673266 4.201857 -0.003606 0.007111 -0.050043 0.998715
13.4 56.607408 -5.673266 4.201857 -0.003606 0.007111 -0.050043 0.998715
13.5 57.055984 -5.726014 4.234002 -0.001967 0.006242 -0.049705 0.998743
13.6 57.506967 -5.776068 4.257702 -0.000164 0.002579 -0.049653 0.998763
13.7 57.962814 -5.826229 4.280269 0.000361 -0.001912 -0.049801 0.998757
13.8 58.413581 -5.866734 4.308226 -0.000566 -0.006984 -0.049872 0.998731
13.9 58.863712 -5.905795 4.349752 -0.002134 -0.010180 -0.050356 0.998677
14.0 58.863712 -5.905795 4.349752 -0.002134 -0.010180 -0.050356 0.998677
14.1 59.319198 -5.967496 4.384873 -0.000326 -0.011585 -0.049770 0.998693
14.2 59.787293 -6.017381 4.432688 -0.003238 -0.013587 -0.049668 0.998668
14.3 60.253258 -6.069358 4.454481 -0.001722 -0.014373 -0.049450 0.998672
14.4 60.729943 -6.117364 4.467119 -0.000695 -0.014146 -0.048655 0.998715
14.5 61.216007 -6.158525 4.511226 -0.000841 -0.012714 -0.047994 0.998766
14.6 61.719113 -6.196131 4.581563 -0.001906 -0.010799 -0.046524 0.998857
14.7 62.235730 -6.250979 4.634048 -0.000597 -0.011165 -0.044324 0.998955
14.8 62.751620 -6.294840 4.675883 0.000298 -0.011302 -0.042539 0.999031
14.9 63.263356 -6.333574 4.723989 0.000846 -0.011396 -0.039672 0.999147
15.0 63.783286 -6.369431 4.781716 -0.000726 -0.012101 -0.037681 0.999216
15.1 64.292083 -6.401220 4.832553 -0.003308 -0.012641 -0.036195 0.999259
15.2 64.810994 -6.441859 4.874782 -0.003452 -0.012159 -0.034083 0.999339
15.3 64.810994 -6.441859 4.874782 -0.003452 -0.012159 -0.034083 0.999339
15.4 65.332092 -6.478128 4.927017 -0.003885 -0.011068 -0.032274 0.999410
15.5 65.332092 -6.478128 4.927017 -0.003885 -0.011068 -0.032274 0.999410
15.6 65.858238 -6.511230 4.972250 -0.003011 -0.010823 -0.030846 0.999461
15.7 66.390663 -6.548959 5.007721 -0.003394 -0.010182 -0.029688 0.999502
15.8 66.939442 -6.572352 5.044625 -0.003771 -0.011020 -0.028424 0.999528
15.9 66.939442 -6.572352 5.044625 -0.003771 -0.011020 -0.028424 0.999528
16.0 68.051205 -6.631184 5.153734 -0.005290 -0.011532 -0.025612 0.999591
16.1 68.624416 -6.650611 5.192873 -0.006717 -0.012243 -0.024473 0.999603
16.2 69.185134 -6.676099 5.248055 -0.007617 -0.012545 -0.023429 0.999618
16.3 69.758325 -6.696041 5.304755 -0.008403 -0.012186 -0.022512 0.999637
16.4 70.337406 -6.714642 5.353980 -0.008212 -0.012242 -0.021547 0.999659
16.5 70.337406 -6.714642 5.353980 -0.008212 -0.012242 -0.021547 0.999659
16.6 70.906190 -6.741987 5.409288 -0.008495 -0.011678 -0.020584 0.999684
16.7 71.477617 -6.763012 5.463827 -0.009284 -0.010650 -0.019694 0.999706
16.8 72.052719 -6.789780 5.511755 -0.009589 -0.009968 -0.018463 0.999734
16.9 72.626932 -6.804074 5.559509 -0.009406 -0.009953 -0.017255 0.999757
17.0 72.626932 -6.804074 5.559509 -0.009406 -0.009953 -0.017255 0.999757
17.1 73.210700 -6.830382 5.612271 -0.009534 -0.010168 -0.015575 0.999782
17.2 73.801026 -6.841831 5.659810 -0.009378 -0.010329 -0.013990 0.999805
17.3 74.384820 -6.852682 5.708784 -0.009782 -0.010940 -0.012314 0.999816
17.4 74.966631 -6.861700 5.759910 -0.010183 -0.010378 -0.010716 0.999837
17.5 74.966631 -6.861700 5.759910 -0.010183 -0.010378 -0.010716 0.999837
17.6 76.135492 -6.864146 5.857144 -0.011066 -0.009424 -0.007382 0.999867
17.7 76.135492 -6.864146 5.857144 -0.011066 -0.009424 -0.007382 0.999867
17.8 76.713365 -6.867552 5.912718 -0.011236 -0.008796 -0.005457 0.999883
17.9 77.287222 -6.873301 5.966675 -0.011550 -0.008634 -0.003264 0.999891
18.0 77.868124 -6.872488 6.019761 -0.011986 -0.008777 -0.001375 0.999889
18.1 78.441713 -6.875391 6.073388 -0.012565 -0.009210 0.000855 0.999878
18.2 79.010287 -6.872643 6.127756 -0.013355 -0.009760 0.002728 0.999859
18.3 79.010287 -6.872643 6.127756 -0.013355 -0.009760 0.002728 0.999859
18.4 79.575494 -6.870523 6.176397 -0.014118 -0.010341 0.004766 0.999836
18.5 80.133768 -6.866892 6.222878 -0.014532 -0.010492 0.006756 0.999817
18.6 80.693539 -6.857769 6.270332 -0.014712 -0.010576 0.008945 0.999796
18.7 81.247268 -6.837505 6.319476 -0.014727 -0.010378 0.010747 0.999780
18.8 81.797374 -6.823819 6.366831 -0.014806 -0.010403 0.012579 0.999757
18.9 81.797374 -6.823819 6.366831 -0.014806 -0.010403 0.012579 0.999757
19.0 82.340829 -6.799783 6.421710 -0.015576 -0.010438 0.014183 0.999724
19.1 82.340829 -6.799783 6.421710 -0.015576 -0.010438 0.014183 0.999724
19.2 82.879412 -6.775568 6.470258 -0.015989 -0.011415 0.015999 0.999679
19.3 82.879412 -6.775568 6.470258 -0.015989 -0.011415 0.015999 0.999679
19.4 83.936370 -6.724439 6.569354 -0.016607 -0.012781 0.019713 0.999586
19.5 83.936370 -6.724439 6.569354 -0.016607 -0.012781 0.019713 0.999586
19.6 84.463038 -6.697383 6.615701 -0.016460 -0.013238 0.021722 0.999541
19.7 84.988304 -6.671701 6.668838 -0.016689 -0.013417 0.023669 0.999490
19.8 85.522415 -6.644399 6.722060 -0.016836 -0.013753 0.025832 0.999430
19.9 86.047757 -6.610111 6.765371 -0.016979 -0.013872 0.027735 0.999375
20.0 86.582902 -6.577421 6.809927 -0.017182 -0.014110 0.029871 0.999306
20.1 86.582902 -6.577421 6.809927 -0.017182 -0.014110 0.029871 0.999306
20.2 87.119658 -6.543279 6.860142 -0.017308 -0.014216 0.031615 0.999249
20.3 87.652243 -6.506777 6.909596 -0.017575 -0.014150 0.033265 0.999192
20.4 88.736720 -6.417962 7.009405 -0.017467 -0.014007 0.036819 0.999071
20.5 88.736720 -6.417962 7.009405 -0.017467 -0.014007 0.036819 0.999071
20.6 89.280967 -6.381466 7.063289 -0.017793 -0.013502 0.038355 0.999015
20.7 89.818371 -6.341072 7.115431 -0.018180 -0.012872 0.039691 0.998964
20.8 90.354706 -6.296342 7.164299 -0.018007 -0.012338 0.040772 0.998930
20.9 90.891320 -6.250023 7.212352 -0.017730 -0.011921 0.041913 0.998893
21.0 91.427019 -6.197107 7.260728 -0.017831 -0.011779 0.043000 0.998847
21.1 91.967296 -6.150687 7.309235 -0.017677 -0.011686 0.044358 0.998791
21.2 92.507582 -6.099762 7.360379 -0.017254 -0.011492 0.045489 0.998750
21.3 92.507582 -6.099762 7.360379 -0.017254 -0.011492 0.045489 0.998750
21.4 93.055454 -6.047299 7.410313 -0.017207 -0.010812 0.046945 0.998691
21.5 93.594703 -5.985945 7.452956 -0.017477 -0.011017 0.048213 0.998623
21.6 94.133014 -5.928070 7.496956 -0.017649 -0.010916 0.049634 0.998552
21.7 94.133014 -5.928070 7.496956 -0.017649 -0.010916 0.049634 0.998552
21.8 94.672665 -5.880186 7.547180 -0.017826 -0.010370 0.051149 0.998478
21.9 94.672665 -5.880186 7.547180 -0.017826 -0.010370 0.051149 0.998478
22.0 95.214890 -5.822421 7.599188 -0.017798 -0.010129 0.052698 0.998400
22.1 95.214890 -5.822421 7.599188 -0.017798 -0.010129 0.052698 0.998400
22.2 95.759339 -5.762523 7.643165 -0.016727 -0.010249 0.054437 0.998325
22.3 96.292761 -5.700485 7.680828 -0.016125 -0.010488 0.055838 0.998255
22.4 97.368601 -5.575637 7.787951 -0.016922 -0.010139 0.058716 0.998080
22.5 97.368601 -5.575637 7.787951 -0.016922 -0.010139 0.058716 0.998080
22.6 97.911471 -5.505692 7.836682 -0.017804 -0.010133 0.060208 0.997976
22.7 98.447503 -5.437139 7.883596 -0.017725 -0.010081 0.061740 0.997884
22.8 98.993908 -5.367271 7.927996 -0.017615 -0.010028 0.063195 0.997795
22.9 99.536394 -5.304341 7.977663 -0.016325 -0.010188 0.065071 0.997695
23.0 100.075276 -5.231001 8.014099 -0.014869 -0.009989 0.066662 0.997615
23.1 100.075276 -5.231001 8.014099 -0.014869 -0.009989 0.066662 0.997615
23.2 100.613878 -5.154524 8.048164 -0.014135 -0.011727 0.067552 0.997547
23.3 101.147551 -5.085125 8.103268 -0.013503 -0.012350 0.069053 0.997445
23.4 101.682542 -5.000073 8.151879 -0.015494 -0.013086 0.070047 0.997337
23.5 101.682542 -5.000073 8.151879 -0.015494 -0.013086 0.070047 0.997337
23.6 102.739277 -4.867492 8.258934 -0.017789 -0.010997 0.073851 0.997050
23.7 102.739277 -4.867492 8.258934 -0.017789 -0.010997 0.073851 0.997050
23.8 103.278266 -4.778931 8.326911 -0.016670 -0.010305 0.075231 0.996974
23.9 103.802534 -4.691951 8.369408 -0.016456 -0.009163 0.076910 0.996860
24.0 104.334545 -4.601154 8.401924 -0.017351 -0.010570 0.078029 0.996744
24.1 104.863147 -4.512207 8.448291 -0.018793 -0.011635 0.079700 0.996574
24.2 105.393274 -4.415148 8.487962 -0.018281 -0.013169 0.080963 0.996462
24.3 105.393274 -4.415148 8.487962 -0.018281 -0.013169 0.080963 0.996462
24.4 105.921166 -4.324319 8.528907 -0.017948 -0.014789 0.082430 0.996326
24.5 106.444536 -4.231020 8.577922 -0.018531 -0.015613 0.083774 0.996190
24.6 106.958338 -4.134102 8.628540 -0.018554 -0.015998 0.085156 0.996066
24.7 107.493071 -4.045273 8.685719 -0.018160 -0.015590 0.087111 0.995911
24.8 108.014447 -3.953759 8.736356 -0.017150 -0.015658 0.088617 0.995795
24.9 108.014447 -3.953759 8.736356 -0.017150 -0.015658 0.088617 0.995795
25.0 108.541239 -3.851084 8.786595 -0.017074 -0.014937 0.090119 0.995673
25.1 109.068683 -3.756253 8.833615 -0.016475 -0.014378 0.091696 0.995547
25.2 109.598136 -3.663384 8.883106 -0.015977 -0.013668 0.093236 0.995422
25.3 110.125652 -3.566687 8.937994 -0.015344 -0.012945 0.094712 0.995302
25.4 110.648522 -3.466798 8.985766 -0.014601 -0.012677 0.096166 0.995177
25.5 110.648522 -3.466798 8.985766 -0.014601 -0.012677 0.096166 0.995177
25.6 111.172078 -3.368079 9.031217 -0.013711 -0.012693 0.097458 0.995064
25.7 111.698163 -3.264147 9.078891 -0.013445 -0.012424 0.098676 0.994951
25.8 112.231847 -3.158510 9.130418 -0.012492 -0.012287 0.099873 0.994846
25.9 112.758146 -3.055764 9.172776 -0.012068 -0.011940 0.100750 0.994767
26.0 113.284372 -2.943060 9.218422 -0.011758 -0.011189 0.101353 0.994718
26.1 113.284372 -2.943060 9.218422 -0.011758 -0.011189 0.101353 0.994718
26.2 113.809592 -2.833135 9.266895 -0.012079 -0.010126 0.101865 0.994673
26.3 114.337057 -2.731512 9.314723 -0.012044 -0.009370 0.102365 0.994630
26.4 114.858746 -2.631519 9.354593 -0.011641 -0.009497 0.102577 0.994612
26.5 115.392194 -2.525871 9.399109 -0.010760 -0.009543 0.102931 0.994584
26.6 115.913917 -2.419657 9.447069 -0.010114 -0.009450 0.102880 0.994598
26.7 116.445617 -2.309469 9.494056 -0.010046 -0.009819 0.102696 0.994614
26.8 116.980633 -2.198505 9.540578 -0.010146 -0.010500 0.102644 0.994611
26.9 116.980633 -2.198505 9.540578 -0.010146 -0.010500 0.102644 0.994611
27.0 117.513753 -2.091097 9.588454 -0.009227 -0.010459 0.102618 0.994623
27.1 118.044956 -1.982877 9.636711 -0.008855 -0.010389 0.102734 0.994615
27.2 118.577391 -1.867418 9.679987 -0.008629 -0.010276 0.102494 0.994643
27.3 118.577391 -1.867418 9.679987 -0.008629 -0.010276 0.102494 0.994643
27.4 119.113046 -1.755850 9.729102 -0.008283 -0.010241 0.102593 0.994636
27.5 119.636082 -1.650971 9.776891 -0.008345 -0.010083 0.102630 0.994633
27.6 120.703322 -1.436333 9.872056 -0.008372 -0.009311 0.102422 0.994662
27.7 120.703322 -1.436333 9.872056 -0.008372 -0.009311 0.102422 0.994662
27.8 121.243666 -1.332133 9.916980 -0.008338 -0.009010 0.101976 0.994711
27.9 121.243666 -1.332133 9.916980 -0.008338 -0.009010 0.101976 0.994711
28.0 122.307201 -1.122813 10.008566 -0.008135 -0.008318 0.100364 0.994883
28.1 122.307201 -1.122813 10.008566 -0.008135 -0.008318 0.100364 0.994883
28.2 122.842405 -1.016383 10.050435 -0.008033 -0.008480 0.099257 0.994993
28.3 123.380100 -0.913603 10.093861 -0.007569 -0.008532 0.097695 0.995151
28.4 123.923827 -0.813377 10.137968 -0.007263 -0.008688 0.096067 0.995310
28.5 123.923827 -0.813377 10.137968 -0.007263 -0.008688 0.096067 0.995310
28.6 124.459732 -0.715447 10.185850 -0.007065 -0.008938 0.094160 0.995492
28.7 125.000958 -0.622415 10.236070 -0.006711 -0.009091 0.092221 0.995674
28.8 125.539117 -0.529835 10.281969 -0.006069 -0.009400 0.090206 0.995860
28.9 126.077088 -0.444176 10.326972 -0.005385 -0.010051 0.088248 0.996033
29.0 126.619664 -0.351413 10.374619 -0.005142 -0.010305 0.086049 0.996224
29.1 126.619664 -0.351413 10.374619 -0.005142 -0.010305 0.086049 0.996224
29.2 127.154222 -0.264272 10.419796 -0.004744 -0.010708 0.083737 0.996419
29.3 127.695412 -0.181670 10.470560 -0.004312 -0.010835 0.081531 0.996603
29.4 128.788639 -0.022749 10.560496 -0.002887 -0.011397 0.076862 0.996972
29.5 128.788639 -0.022749 10.560496 -0.002887 -0.011397 0.076862 0.996972
29.6 129.332029 0.051502 10.606354 -0.002605 -0.011459 0.074561 0.997147
29.7 129.873314 0.123951 10.660394 -0.002451 -0.011324 0.072177 0.997325
29.8 130.419318 0.194060 10.709833 -0.001834 -0.011809 0.069722 0.997495
29.9 130.966998 0.258773 10.755853 -0.001088 -0.012087 0.067453 0.997649
30.0 131.513968 0.321353 10.806608 -0.001220 -0.012278 0.064997 0.997809
30.1 131.513968 0.321353 10.806608 -0.001220 -0.012278 0.064997 0.997809
30.2 132.056732 0.381514 10.861524 -0.001047 -0.012154 0.062667 0.997960
30.3 132.601339 0.443175 10.913199 -0.000555 -0.012397 0.060302 0.998103
30.4 133.143510 0.497930 10.963026 0.000285 -0.012279 0.058096 0.998235
30.5 133.693480 0.552843 11.012613 0.000294 -0.012305 0.055778 0.998367
30.6 134.250469 0.608366 11.057325 0.000737 -0.012682 0.053440 0.998490
30.7 134.250469 0.608366 11.057325 0.000737 -0.012682 0.053440 0.998490
30.8 134.804087 0.658425 11.112730 0.001086 -0.012562 0.051452 0.998596
30.9 135.354173 0.707329 11.162530 0.001680 -0.012747 0.049610 0.998686
31.0 135.911410 0.758462 11.210404 0.001770 -0.012870 0.047931 0.998766
31.1 136.463049 0.804238 11.256662 0.001543 -0.012822 0.046412 0.998839
31.2 137.006075 0.847657 11.310000 0.001335 -0.012291 0.044775 0.998921
31.3 137.573081 0.890857 11.371219 0.001005 -0.011146 0.043014 0.999012
31.4 138.123623 0.930857 11.418949 0.000710 -0.010797 0.041510 0.999079
31.5 138.123623 0.930857 11.418949 0.000710 -0.010797 0.041510 0.999079
31.6 138.676256 0.968594 11.468114 0.000583 -0.010514 0.039702 0.999156
31.7 138.676256 0.968594 11.468114 0.000583 -0.010514 0.039702 0.999156
31.8 139.235546 1.008319 11.519646 0.000145 -0.010413 0.038136 0.999218
31.9 139.787723 1.044420 11.568544 0.000920 -0.010398 0.036268 0.999288
32.0 140.344152 1.079258 11.614354 0.000838 -0.010837 0.034791 0.999336
32.1 140.895288 1.110755 11.665361 0.000905 -0.011063 0.033196 0.999387
32.2 140.895288 1.110755 11.665361 0.000905 -0.011063 0.033196 0.999387
32.3 141.448441 1.144146 11.712988 0.000560 -0.011380 0.031460 0.999440
32.4 142.003262 1.175899 11.757959 0.000892 -0.011856 0.029986 0.999480
32.5 142.555310 1.207621 11.805393 0.000646 -0.012393 0.028183 0.999526
32.6 143.108388 1.230782 11.857798 0.000746 -0.012696 0.026971 0.999555
32.7 143.108388 1.230782 11.857798 0.000746 -0.012696 0.026971 0.999555
32.8 143.665216 1.252005 11.910197 0.001089 -0.013038 0.025280 0.999595
32.9 144.229446 1.270335 11.958913 0.002084 -0.013347 0.023777 0.999626
33.0 144.794799 1.287354 12.011845 0.002511 -0.013246 0.022159 0.999664
33.1 144.794799 1.287354 12.011845 0.002511 -0.013246 0.022159 0.999664
33.2 145.354953 1.307116 12.059765 0.002763 -0.013256 0.020396 0.999700
33.3 145.906979 1.320697 12.109309 0.002906 -0.013226 0.018791 0.999732
33.4 146.470675 1.331643 12.171168 0.002966 -0.012741 0.017083 0.999768
33.5 147.020937 1.340740 12.224659 0.003095 -0.012814 0.015377 0.999795
33.6 147.574518 1.345865 12.279854 0.003093 -0.012695 0.013510 0.999823
33.7 147.574518 1.345865 12.279854 0.003093 -0.012695 0.013510 0.999823
33.8 148.134570 1.339793 12.330467 0.003516 -0.012791 0.011932 0.999841
33.9 148.695997 1.347855 12.379383 0.004395 -0.012654 0.010074 0.999860
34.0 149.256508 1.362532 12.425677 0.004349 -0.012930 0.007972 0.999875
34.1 149.825298 1.368925 12.482319 0.004703 -0.012680 0.005737 0.999892
34.2 149.825298 1.368925 12.482319 0.004703 -0.012680 0.005737 0.999892
34.3 150.375948 1.362081 12.535406 0.004771 -0.012769 0.003728 0.999900
34.4 150.933007 1.358791 12.584881 0.004799 -0.012924 0.001353 0.999904
34.5 151.491962 1.359244 12.635143 0.005164 -0.013263 -0.001014 0.999898
34.6 152.052959 1.350469 12.688013 0.005943 -0.013300 -0.003303 0.999888
34.7 152.612792 1.337906 12.744871 0.007026 -0.013227 -0.005632 0.999872
34.8 153.174955 1.323264 12.798284 0.007293 -0.012867 -0.007956 0.999859
34.9 153.174955 1.323264 12.798284 0.007293 -0.012867 -0.007956 0.999859
35.0 153.732718 1.299937 12.849070 0.007060 -0.012474 -0.010433 0.999843
35.1 154.288269 1.279548 12.905258 0.006901 -0.011810 -0.012505 0.999828
35.2 154.845371 1.253705 12.963527 0.006906 -0.010967 -0.014866 0.999805
35.3 155.419411 1.212975 13.017320 0.006851 -0.010312 -0.017129 0.999777
35.4 155.978418 1.178804 13.064111 0.006760 -0.010106 -0.019377 0.999738
35.5 155.978418 1.178804 13.064111 0.006760 -0.010106 -0.019377 0.999738
35.6 156.535186 1.146389 13.104561 0.006793 -0.009903 -0.021659 0.999693
35.7 157.097748 1.115874 13.150765 0.006645 -0.009529 -0.024201 0.999640
35.8 157.663077 1.087412 13.192630 0.006416 -0.009608 -0.026772 0.999575
35.9 158.225876 1.056356 13.242657 0.006635 -0.009468 -0.029004 0.999512
36.0 158.784388 1.020483 13.284850 0.006583 -0.009916 -0.031292 0.999439
36.1 158.784388 1.020483 13.284850 0.006583 -0.009916 -0.031292 0.999439
36.2 159.337798 0.991204 13.332069 0.006951 -0.010466 -0.033750 0.999351
36.3 159.901590 0.951907 13.387259 0.006866 -0.010523 -0.035843 0.999278
36.4 160.464915 0.907358 13.437479 0.007278 -0.010946 -0.037829 0.999198
36.5 161.028771 0.842960 13.494523 0.007455 -0.011386 -0.039646 0.999121
36.6 161.592788 0.788673 13.544560 0.007976 -0.011948 -0.041798 0.999023
36.7 161.592788 0.788673 13.544560 0.007976 -0.011948 -0.041798 0.999023
36.8 162.153140 0.724800 13.594915 0.008836 -0.011660 -0.043592 0.998942
36.9 162.717415 0.658049 13.652286 0.009264 -0.011304 -0.045472 0.998859
37.0 163.286497 0.588407 13.691901 0.009249 -0.011787 -0.047094 0.998778
37.1 163.848414 0.516292 13.740462 0.008860 -0.011541 -0.049212 0.998682
37.2 164.415009 0.448226 13.798680 0.009759 -0.011454 -0.051273 0.998571
37.3 164.415009 0.448226 13.798680 0.009759 -0.011454 -0.051273 0.998571
37.4 164.968946 0.376565 13.849166 0.009777 -0.011900 -0.053136 0.998468
37.5 165.526130 0.311328 13.901219 0.010671 -0.012050 -0.055111 0.998350
37.6 166.094645 0.232593 13.948251 0.010683 -0.012432 -0.057058 0.998236
37.7 166.653031 0.162318 13.998150 0.011097 -0.012664 -0.059181 0.998105
37.8 167.224553 0.087619 14.048022 0.011186 -0.012958 -0.061137 0.997983
37.9 167.224553 0.087619 14.048022 0.011186 -0.012958 -0.061137 0.997983
38.0 167.791410 0.013488 14.101692 0.011166 -0.012824 -0.063172 0.997858
38.1 168.354746 -0.079088 14.150560 0.010896 -0.013082 -0.064863 0.997749
38.2 168.909045 -0.161331 14.205602 0.010877 -0.012801 -0.066594 0.997639
38.3 169.464084 -0.248298 14.256398 0.011308 -0.012413 -0.067942 0.997548
38.4 170.035105 -0.334339 14.305701 0.011615 -0.012440 -0.069422 0.997442
38.5 170.035105 -0.334339 14.305701 0.011615 -0.012440 -0.069422 0.997442
38.6 170.595418 -0.417603 14.358849 0.011703 -0.011991 -0.070807 0.997349
38.7 171.162143 -0.498368 14.410393 0.011190 -0.011912 -0.072501 0.997234
38.8 171.722248 -0.579838 14.459607 0.010652 -0.012124 -0.074595 0.997083
38.9 172.278480 -0.670393 14.515459 0.010386 -0.012450 -0.076627 0.996928
39.0 172.843509 -0.769729 14.562657 0.010610 -0.012611 -0.078997 0.996739
39.1 172.843509 -0.769729 14.562657 0.010610 -0.012611 -0.078997 0.996739
39.2 173.403005 -0.861637 14.614159 0.011429 -0.013145 -0.081412 0.996528
39.3 173.966488 -0.966774 14.659774 0.012411 -0.013682 -0.084019 0.996293
39.4 174.517936 -1.068948 14.715165 0.012758 -0.013832 -0.086622 0.996064
39.5 175.081371 -1.171726 14.769247 0.013459 -0.013484 -0.089386 0.995815
39.6 175.651579 -1.279115 14.820137 0.013620 -0.013455 -0.092198 0.995557
39.7 176.206873 -1.400868 14.874190 0.013805 -0.013345 -0.094695 0.995321
39.8 176.206873 -1.400868 14.874190 0.013805 -0.013345 -0.094695 0.995321
39.9 176.757237 -1.523548 14.923789 0.013983 -0.013002 -0.097397 0.995062
40.0 177.310729 -1.651828 14.973062 0.014276 -0.012679 -0.100012 0.994803
40.1 177.862343 -1.777332 15.024896 0.015099 -0.012928 -0.102531 0.994531
40.2 178.418006 -1.908437 15.075290 0.015281 -0.012793 -0.105275 0.994243
40.3 178.974332 -2.035956 15.123016 0.015231 -0.012296 -0.108226 0.993934
40.4 179.527340 -2.171966 15.174126 0.015355 -0.011990 -0.110755 0.993657
40.5 179.527340 -2.171966 15.174126 0.015355 -0.011990 -0.110755 0.993657
40.6 180.081152 -2.305753 15.223344 0.015140 -0.011387 -0.113672 0.993338
40.7 180.637279 -2.443943 15.269541 0.016044 -0.011049 -0.116298 0.993023
40.8 181.195728 -2.592242 15.315760 0.016389 -0.010923 -0.118735 0.992731
40.9 181.195728 -2.592242 15.315760 0.016389 -0.010923 -0.118735 0.992731
41.0 181.747663 -2.738512 15.359777 0.016735 -0.010870 -0.121802 0.992354
41.1 182.299488 -2.881913 15.414930 0.016883 -0.010472 -0.124519 0.992018
41.2 183.402112 -3.178014 15.519157 0.018052 -0.010414 -0.129455 0.991366
41.3 183.402112 -3.178014 15.519157 0.018052 -0.010414 -0.129455 0.991366
41.4 183.962084 -3.332846 15.564505 0.017820 -0.010496 -0.131674 0.991077
41.5 183.962084 -3.332846 15.564505 0.017820 -0.010496 -0.131674 0.991077
41.6 184.512703 -3.501051 15.607306 0.018194 -0.010509 -0.133673 0.990803
41.7 185.062637 -3.663073 15.652194 0.019021 -0.009464 -0.135610 0.990534
41.8 185.607121 -3.819229 15.703248 0.018842 -0.008891 -0.137762 0.990246
41.9 186.156602 -3.988396 15.745133 0.018696 -0.009202 -0.139660 0.989980
42.0 186.710817 -4.166854 15.789980 0.018591 -0.008846 -0.141686 0.989698
42.1 186.710817 -4.166854 15.789980 0.018591 -0.008846 -0.141686 0.989698
42.2 187.808766 -4.507078 15.885860 0.017867 -0.009468 -0.145944 0.989086
42.3 187.808766 -4.507078 15.885860 0.017867 -0.009468 -0.145944 0.989086
42.4 188.360620 -4.678747 15.926634 0.018305 -0.009741 -0.148015 0.988768
42.5 188.902554 -4.849943 15.972945 0.019085 -0.009231 -0.150115 0.988441
42.6 189.445139 -5.029926 16.030845 0.019262 -0.009130 -0.151944 0.988159
42.7 189.983976 -5.206716 16.077674 0.019852 -0.009496 -0.153950 0.987834
42.8 190.524699 -5.380606 16.114757 0.019527 -0.010086 -0.155968 0.987518
42.9 190.524699 -5.380606 16.114757 0.019527 -0.010086 -0.155968 0.987518
43.0 191.052820 -5.566338 16.158768 0.019705 -0.010679 -0.157930 0.987196
43.1 191.572523 -5.754224 16.204529 0.019442 -0.011159 -0.159963 0.986868
43.2 192.639522 -6.128937 16.300236 0.020177 -0.011746 -0.163701 0.986234
43.3 192.639522 -6.128937 16.300236 0.020177 -0.011746 -0.163701 0.986234
43.4 193.157544 -6.314638 16.348304 0.020164 -0.011808 -0.165718 0.985896
43.5 193.684127 -6.501903 16.392999 0.020441 -0.011887 -0.167587 0.985574
43.6 194.194622 -6.694619 16.434599 0.020495 -0.012083 -0.169543 0.985236
43.7 194.712061 -6.891090 16.480636 0.020616 -0.011948 -0.171153 0.984956
43.8 195.222061 -7.089482 16.530909 0.021036 -0.011725 -0.173066 0.984616
43.9 195.222061 -7.089482 16.530909 0.021036 -0.011725 -0.173066 0.984616
44.0 195.733508 -7.284830 16.580757 0.020579 -0.011637 -0.174893 0.984304
44.1 196.243011 -7.479615 16.624955 0.020914 -0.012173 -0.177004 0.983913
44.2 196.759657 -7.676731 16.675985 0.020944 -0.011753 -0.178638 0.983622
44.3 197.262073 -7.873389 16.722816 0.021729 -0.012003 -0.180545 0.983253
44.4 197.777853 -8.073111 16.768363 0.021611 -0.012200 -0.182332 0.982924
44.5 197.777853 -8.073111 16.768363 0.021611 -0.012200 -0.182332 0.982924
44.6 198.282854 -8.275319 16.806833 0.021825 -0.012050 -0.184301 0.982554
44.7 198.785303 -8.490620 16.850883 0.021807 -0.011504 -0.186009 0.982239
44.8 199.291816 -8.702129 16.893606 0.021806 -0.011402 -0.187920 0.981876
44.9 199.796878 -8.916060 16.937600 0.021680 -0.011426 -0.189605 0.981555
45.0 200.298181 -9.121391 16.983463 0.021608 -0.011112 -0.191632 0.981166
45.1 200.298181 -9.121391 16.983463 0.021608 -0.011112 -0.191632 0.981166
45.2 200.796319 -9.327486 17.035168 0.021482 -0.011419 -0.193542 0.980790
45.3 201.295677 -9.545776 17.078179 0.021630 -0.011944 -0.195223 0.980448
45.4 201.795321 -9.759307 17.120555 0.021075 -0.011717 -0.197208 0.980065
45.5 202.289653 -9.974468 17.166360 0.021928 -0.011628 -0.199081 0.979669
45.6 202.781829 -10.194866 17.209330 0.022737 -0.010801 -0.201121 0.979243
45.7 202.781829 -10.194866 17.209330 0.022737 -0.010801 -0.201121 0.979243
45.8 203.286644 -10.421274 17.251376 0.023097 -0.010017 -0.203144 0.978825
45.9 203.784283 -10.644164 17.297132 0.022885 -0.009566 -0.205404 0.978363
46.0 203.784283 -10.644164 17.297132 0.022885 -0.009566 -0.205404 0.978363
46.1 204.277962 -10.869339 17.343900 0.023001 -0.009996 -0.207533 0.977907
46.2 204.762266 -11.094680 17.378252 0.023658 -0.010655 -0.209583 0.977447
46.3 205.247704 -11.324299 17.410306 0.024101 -0.011437 -0.211762 0.976957
46.4 205.247704 -11.324299 17.410306 0.024101 -0.011437 -0.211762 0.976957
46.5 205.739885 -11.558594 17.448334 0.024519 -0.012445 -0.213848 0.976480
46.6 206.225091 -11.797128 17.488123 0.025256 -0.013022 -0.216048 0.975969
46.7 206.701401 -12.044925 17.537769 0.025373 -0.012664 -0.217964 0.975545
46.8 207.184628 -12.283721 17.587692 0.025805 -0.011975 -0.220122 0.975057
46.9 207.184628 -12.283721 17.587692 0.025805 -0.011975 -0.220122 0.975057
47.0 207.670699 -12.522807 17.631567 0.025775 -0.011305 -0.222271 0.974579
47.1 208.154934 -12.762963 17.677224 0.025867 -0.010483 -0.224258 0.974130
47.2 208.636277 -13.008267 17.719215 0.026333 -0.010177 -0.226262 0.973657
47.3 209.113187 -13.254097 17.757483 0.027124 -0.010184 -0.228315 0.973156
47.4 209.593675 -13.503459 17.800777 0.027939 -0.009934 -0.230213 0.972688
47.5 209.593675 -13.503459 17.800777 0.027939 -0.009934 -0.230213 0.972688
47.6 210.063823 -13.752226 17.836118 0.027763 -0.010008 -0.232442 0.972162
47.7 210.544166 -14.007490 17.874089 0.027966 -0.010145 -0.234384 0.971689
47.8 211.010619 -14.265691 17.914133 0.027620 -0.010087 -0.236496 0.971188
47.9 211.492953 -14.527511 17.950742 0.027623 -0.010007 -0.238589 0.970676
48.0 211.965063 -14.783583 17.985496 0.027591 -0.010230 -0.240592 0.970180
48.1 211.965063 -14.783583 17.985496 0.027591 -0.010230 -0.240592 0.970180
48.2 212.437869 -15.041455 18.023994 0.027821 -0.009879 -0.242539 0.969692
48.3 212.902720 -15.297921 18.065254 0.028424 -0.009875 -0.244702 0.969131
48.4 213.365605 -15.569663 18.103697 0.028688 -0.009864 -0.246413 0.968690
48.5 213.838704 -15.846738 18.139161 0.028623 -0.010094 -0.248482 0.968161
48.6 214.302376 -16.112136 18.185184 0.028959 -0.009657 -0.250530 0.967627
48.7 214.302376 -16.112136 18.185184 0.028959 -0.009657 -0.250530 0.967627
48.8 214.764035 -16.379760 18.228019 0.028782 -0.009373 -0.252377 0.967156
48.9 215.226419 -16.648059 18.267690 0.029301 -0.009218 -0.254273 0.966645
49.0 215.684890 -16.913545 18.300670 0.029512 -0.008965 -0.256227 0.966124
49.1 216.129142 -17.182828 18.333704 0.030088 -0.008189 -0.258241 0.965577
49.2 216.583251 -17.445942 18.367328 0.030166 -0.007355 -0.260183 0.965060
49.3 216.583251 -17.445942 18.367328 0.030166 -0.007355 -0.260183 0.965060
49.4 217.029433 -17.717825 18.404336 0.030933 -0.006770 -0.261886 0.964579
49.5 217.475391 -17.990225 18.437587 0.030703 -0.006319 -0.263613 0.964119
49.6 217.911545 -18.255456 18.471126 0.031051 -0.006201 -0.265304 0.963645
49.7 218.342519 -18.519792 18.502378 0.030859 -0.005945 -0.266936 0.963202
49.8 218.764217 -18.786856 18.536047 0.031071 -0.006173 -0.268396 0.962788
49.9 218.764217 -18.786856 18.536047 0.031071 -0.006173 -0.268396 0.962788